[Gaza]
34.5410156, 30.514949
34.2224121, 31.330179
34.486084, 31.6019313
34.788208, 32.1244534
34.5684814, 32.1988571
33.4588623, 31.3817788
34.1125488, 29.9216133
34.5410156, 30.514949

[Lebanon]
33.2332445, 32.6116164
34.7882080, 32.1244534
34.9749756, 32.9671952
35.1123047, 33.0961436
35.8428955, 33.1237508
36.3867188, 33.8384828
34.6728055, 34.4250361
33.2332445, 32.6116164

[Yemen]
31.2890362, 28.2269700
25.0643847, 22.0245456
48.2572966, 21.8614987
39.5508865, 28.3817350
31.2890362, 28.2269700

[Iran]
48.2572966, 21.8614987
39.5508865, 28.3817350
40.3474036, 31.9521622
46.2378390, 32.9902356
48.2159704, 21.6574282

[North Iran]
44.6266030, 39.8085360
40.3474036, 31.9521622
46.2378390, 32.9902356
50.3726863, 40.3130432
44.6266030, 39.8085360

